{
 "cells": [
  {
   "cell_type": "code",
   "execution_count": 2,
   "metadata": {
    "collapsed": true
   },
   "outputs": [],
   "source": [
    "import pandas as pd\n",
    "import numpy as np\n",
    "from scipy.optimize import minimize\n",
    "%matplotlib inline\n",
    "import matplotlib.pyplot as plt"
   ]
  },
  {
   "cell_type": "markdown",
   "metadata": {},
   "source": [
    "# Creating Test Data"
   ]
  },
  {
   "cell_type": "code",
   "execution_count": 3,
   "metadata": {
    "collapsed": false
   },
   "outputs": [
    {
     "data": {
      "text/html": [
       "<div>\n",
       "<table border=\"1\" class=\"dataframe\">\n",
       "  <thead>\n",
       "    <tr style=\"text-align: right;\">\n",
       "      <th></th>\n",
       "      <th>Canada</th>\n",
       "      <th>China</th>\n",
       "      <th>France</th>\n",
       "      <th>Hong Kong</th>\n",
       "      <th>Japan</th>\n",
       "      <th>R_f</th>\n",
       "      <th>UK</th>\n",
       "      <th>US</th>\n",
       "    </tr>\n",
       "  </thead>\n",
       "  <tbody>\n",
       "    <tr>\n",
       "      <th>Canada</th>\n",
       "      <td>0.040302</td>\n",
       "      <td>0.039357</td>\n",
       "      <td>0.025135</td>\n",
       "      <td>0.030082</td>\n",
       "      <td>0.015026</td>\n",
       "      <td>0.0</td>\n",
       "      <td>0.025532</td>\n",
       "      <td>0.023383</td>\n",
       "    </tr>\n",
       "    <tr>\n",
       "      <th>China</th>\n",
       "      <td>0.039357</td>\n",
       "      <td>0.134714</td>\n",
       "      <td>0.033389</td>\n",
       "      <td>0.089186</td>\n",
       "      <td>0.018894</td>\n",
       "      <td>0.0</td>\n",
       "      <td>0.036692</td>\n",
       "      <td>0.027691</td>\n",
       "    </tr>\n",
       "    <tr>\n",
       "      <th>France</th>\n",
       "      <td>0.025135</td>\n",
       "      <td>0.033389</td>\n",
       "      <td>0.053002</td>\n",
       "      <td>0.028413</td>\n",
       "      <td>0.015760</td>\n",
       "      <td>0.0</td>\n",
       "      <td>0.031919</td>\n",
       "      <td>0.020438</td>\n",
       "    </tr>\n",
       "    <tr>\n",
       "      <th>Hong Kong</th>\n",
       "      <td>0.030082</td>\n",
       "      <td>0.089186</td>\n",
       "      <td>0.028413</td>\n",
       "      <td>0.126686</td>\n",
       "      <td>0.018628</td>\n",
       "      <td>0.0</td>\n",
       "      <td>0.033442</td>\n",
       "      <td>0.021758</td>\n",
       "    </tr>\n",
       "    <tr>\n",
       "      <th>Japan</th>\n",
       "      <td>0.015026</td>\n",
       "      <td>0.018894</td>\n",
       "      <td>0.015760</td>\n",
       "      <td>0.018628</td>\n",
       "      <td>0.034600</td>\n",
       "      <td>0.0</td>\n",
       "      <td>0.015371</td>\n",
       "      <td>0.012009</td>\n",
       "    </tr>\n",
       "    <tr>\n",
       "      <th>R_f</th>\n",
       "      <td>0.000000</td>\n",
       "      <td>0.000000</td>\n",
       "      <td>0.000000</td>\n",
       "      <td>0.000000</td>\n",
       "      <td>0.000000</td>\n",
       "      <td>0.0</td>\n",
       "      <td>0.000000</td>\n",
       "      <td>0.000000</td>\n",
       "    </tr>\n",
       "    <tr>\n",
       "      <th>UK</th>\n",
       "      <td>0.025532</td>\n",
       "      <td>0.036692</td>\n",
       "      <td>0.031919</td>\n",
       "      <td>0.033442</td>\n",
       "      <td>0.015371</td>\n",
       "      <td>0.0</td>\n",
       "      <td>0.050313</td>\n",
       "      <td>0.020438</td>\n",
       "    </tr>\n",
       "    <tr>\n",
       "      <th>US</th>\n",
       "      <td>0.023383</td>\n",
       "      <td>0.027691</td>\n",
       "      <td>0.020438</td>\n",
       "      <td>0.021758</td>\n",
       "      <td>0.012009</td>\n",
       "      <td>0.0</td>\n",
       "      <td>0.020438</td>\n",
       "      <td>0.024585</td>\n",
       "    </tr>\n",
       "  </tbody>\n",
       "</table>\n",
       "</div>"
      ],
      "text/plain": [
       "             Canada     China    France  Hong Kong     Japan  R_f        UK  \\\n",
       "Canada     0.040302  0.039357  0.025135   0.030082  0.015026  0.0  0.025532   \n",
       "China      0.039357  0.134714  0.033389   0.089186  0.018894  0.0  0.036692   \n",
       "France     0.025135  0.033389  0.053002   0.028413  0.015760  0.0  0.031919   \n",
       "Hong Kong  0.030082  0.089186  0.028413   0.126686  0.018628  0.0  0.033442   \n",
       "Japan      0.015026  0.018894  0.015760   0.018628  0.034600  0.0  0.015371   \n",
       "R_f        0.000000  0.000000  0.000000   0.000000  0.000000  0.0  0.000000   \n",
       "UK         0.025532  0.036692  0.031919   0.033442  0.015371  0.0  0.050313   \n",
       "US         0.023383  0.027691  0.020438   0.021758  0.012009  0.0  0.020438   \n",
       "\n",
       "                 US  \n",
       "Canada     0.023383  \n",
       "China      0.027691  \n",
       "France     0.020438  \n",
       "Hong Kong  0.021758  \n",
       "Japan      0.012009  \n",
       "R_f        0.000000  \n",
       "UK         0.020438  \n",
       "US         0.024585  "
      ]
     },
     "execution_count": 3,
     "metadata": {},
     "output_type": "execute_result"
    }
   ],
   "source": [
    "indexs = pd.read_csv(\"index.csv\",index_col=0,thousands=',')\n",
    "Countries = list(indexs)\n",
    "dates = indexs.index.values\n",
    "returns = pd.DataFrame(columns=Countries) #creates a new dataframe that's empty\n",
    "#row1 = pd.to_numeric(indexs.values[1])\n",
    "return_ = []\n",
    "for i in range(1, len(indexs.index)):\n",
    "    index_this_year = pd.to_numeric(indexs.values[i])\n",
    "    index_last_year = pd.to_numeric(indexs.values[i-1])\n",
    "    \n",
    "    return_ = (index_this_year - index_last_year ) / index_last_year\n",
    "    #returns.append(return_)\n",
    "    returns.loc[i-1] = return_\n",
    "returns.head()\n",
    "mnthly_exp_returns = returns.mean()\n",
    "mnthly_std_dev = returns.std()\n",
    "returns.head()\n",
    "\n",
    "yrly_exp_returns = (1+mnthly_exp_returns)**12 -1\n",
    "yrly_exp_returns['R_f'] = .05\n",
    "yrly_exp_returns = yrly_exp_returns.sort_index()\n",
    "\n",
    "\n",
    "yrly_std_dev = mnthly_std_dev * 12**.5\n",
    "yrly_std_dev['R_f'] = 0\n",
    "yrly_std_dev = yrly_std_dev.sort_index()\n",
    "\n",
    "\n",
    "corrleations_test = returns.corr()\n",
    "corrleations_test['R_f']=0\n",
    "corrleations_test.loc['R_f'] =0\n",
    "\n",
    "corrleations_test = corrleations_test.sort_index()\n",
    "corrleations_test = corrleations_test.sort_index(axis=1)\n",
    "\n",
    "corrleations_test\n",
    "\n",
    "covariances_test = corrleations_test.multiply(yrly_std_dev,axis=\"rows\")\n",
    "covariances_test = covariances_test.multiply(yrly_std_dev,axis=\"columns\")\n",
    "covariances_test"
   ]
  },
  {
   "cell_type": "markdown",
   "metadata": {},
   "source": [
    "# The Model"
   ]
  },
  {
   "cell_type": "code",
   "execution_count": 16,
   "metadata": {
    "collapsed": false
   },
   "outputs": [
    {
     "name": "stdout",
     "output_type": "stream",
     "text": [
      "Expected Return of Spreadsheet Example =  0.25\n",
      "StdDev of Spreadsheet Example =  0.257\n",
      "Variance of Spreadsheet Example =  0.066\n"
     ]
    }
   ],
   "source": [
    "def solve_std_dev(weights,covariances,yrly_exp_returns):\n",
    "    #print(covariances)\n",
    "    #print (weights)\n",
    "    \n",
    "    Variance = np.dot(weights,covariances)\n",
    "    #print((Variance))\n",
    "    Variance = np.dot(Variance,weights)\n",
    "    weights_ER = yrly_exp_returns * weights\n",
    "    Expeted_Return = sum(weights_ER)\n",
    "    std_dev = Variance**.5\n",
    "    #Sharpe_Ratio = (Expeted_Return - yrly_exp_returns['R_f']) / std_dev\n",
    "    \n",
    "    return Expeted_Return,std_dev,Variance\n",
    "    \n",
    "    \n",
    "\n",
    "\n",
    "weights_test = [0.414231,-0.739657,0.176381,0.760777,-0.279501,0.103992,0.144610,0.419167]\n",
    "\n",
    "Expeted_Return,std_dev,Variance = solve_std_dev(weights_test,covariances_test,yrly_exp_returns)\n",
    "\n",
    "assert round(Expeted_Return,6) == 0.250000\n",
    "assert std_dev == 0.25698684000142075\n",
    "assert round(Variance,6) == 0.066042\n",
    "print (\"Expected Return of Spreadsheet Example = \",round(Expeted_Return,3))\n",
    "print (\"StdDev of Spreadsheet Example = \",round(std_dev,3))\n",
    "print (\"Variance of Spreadsheet Example = \",round(Variance,3))\n"
   ]
  },
  {
   "cell_type": "code",
   "execution_count": 5,
   "metadata": {
    "collapsed": false
   },
   "outputs": [],
   "source": [
    "def solve_error(weights,Target_Expected_Return,covariances,yrly_exp_returns):\n",
    "\n",
    "    #print (len(weights))\n",
    "    Exp_return, std_dev, variance = solve_std_dev(weights,covariances,yrly_exp_returns)\n",
    "    \n",
    "    \n",
    "    rtn_error = 1000000*(Target_Expected_Return - Exp_return)**2\n",
    "    std_dev_error = std_dev**2\n",
    "    #wght_error = 10*(1 - sum(weights))**2\n",
    "    total_error = rtn_error + std_dev_error\n",
    "    return total_error\n",
    "\n"
   ]
  },
  {
   "cell_type": "code",
   "execution_count": 6,
   "metadata": {
    "collapsed": false
   },
   "outputs": [
    {
     "name": "stdout",
     "output_type": "stream",
     "text": [
      "Expected Return =  0.249999668674\n",
      "Standard Deviation, method 1 =  0.257006548369\n",
      "Standard Deviation, method 2 =  0.257006548369\n",
      "Weights:\n",
      "[ 0.43687524 -0.73934667  0.17086154  0.75707542 -0.27570066  0.09868954\n",
      "  0.14628689  0.4052587 ]\n",
      "Portfolio =  1.0\n",
      "Error =  0.0660524756817\n"
     ]
    }
   ],
   "source": [
    "def solve_for_StdDev_Weights(Target_Expected_Return,covariances,yrly_exp_returns):\n",
    "    num_terms = len(covariances)\n",
    "    weights = [1/num_terms]*num_terms\n",
    "    \n",
    "    cons = ({'type': 'eq',\n",
    "            'fun' : lambda x: np.array([sum(x)-1]),\n",
    "            'jac' : lambda x: np.array([1]*len(x))})\n",
    "    \n",
    "\n",
    "    res = minimize(solve_error, weights, args=(Target_Expected_Return,covariances,yrly_exp_returns), method='SLSQP',constraints=cons,options={'disp': False})\n",
    "    weights_new = res.x\n",
    "    \n",
    "    solved_exp_return, solved_std_dev, solved_variance = solve_std_dev(weights_new,covariances,yrly_exp_returns)\n",
    "    \n",
    "    #print (\"solved_exp_return = \",solved_exp_return)\n",
    "    #print (\"std_dev = \",solved_std_dev)\n",
    "    \n",
    "    return solved_std_dev, weights_new\n",
    "\n",
    "#Unit Test\n",
    "Target_Expected_Return = .25\n",
    "solved_std_dev, weights = solve_for_StdDev_Weights(Target_Expected_Return,covariances_test,yrly_exp_returns)\n",
    "solved_exp_return, solved_std_dev2, solved_variance = solve_std_dev(weights,covariances_test,yrly_exp_returns)\n",
    "\n",
    "assert round(solved_exp_return,6) == 0.25\n",
    "assert round(solved_std_dev,3) == 0.257\n",
    "assert round(solved_std_dev2,3) == 0.257\n",
    "\n",
    "print(\"Expected Return = \",solved_exp_return)\n",
    "print(\"Standard Deviation, method 1 = \",solved_std_dev)\n",
    "print(\"Standard Deviation, method 2 = \",solved_std_dev2)\n",
    "\n",
    "print (\"Weights:\")\n",
    "print(weights)\n",
    "print (\"Portfolio = \",sum(weights))\n",
    "print (\"Error = \",solve_error(weights,Target_Expected_Return,covariances_test,yrly_exp_returns))"
   ]
  },
  {
   "cell_type": "code",
   "execution_count": 21,
   "metadata": {
    "collapsed": false
   },
   "outputs": [
    {
     "name": "stdout",
     "output_type": "stream",
     "text": [
      "             Canada     China    France  Hong Kong     Japan  R_f        UK  \\\n",
      "Canada     0.040302  0.039357  0.025135   0.030082  0.015026  0.0  0.025532   \n",
      "China      0.039357  0.134714  0.033389   0.089186  0.018894  0.0  0.036692   \n",
      "France     0.025135  0.033389  0.053002   0.028413  0.015760  0.0  0.031919   \n",
      "Hong Kong  0.030082  0.089186  0.028413   0.126686  0.018628  0.0  0.033442   \n",
      "Japan      0.015026  0.018894  0.015760   0.018628  0.034600  0.0  0.015371   \n",
      "R_f        0.000000  0.000000  0.000000   0.000000  0.000000  0.0  0.000000   \n",
      "UK         0.025532  0.036692  0.031919   0.033442  0.015371  0.0  0.050313   \n",
      "US         0.023383  0.027691  0.020438   0.021758  0.012009  0.0  0.020438   \n",
      "\n",
      "                 US  \n",
      "Canada     0.023383  \n",
      "China      0.027691  \n",
      "France     0.020438  \n",
      "Hong Kong  0.021758  \n",
      "Japan      0.012009  \n",
      "R_f        0.000000  \n",
      "UK         0.020438  \n",
      "US         0.024585  \n",
      "             Canada     China    France  Hong Kong     Japan  R_f        UK  \\\n",
      "Canada     0.040302  0.039357  0.025135   0.030082  0.015026  0.0  0.025532   \n",
      "China      0.039357  0.134714  0.033389   0.089186  0.018894  0.0  0.036692   \n",
      "France     0.025135  0.033389  0.053002   0.028413  0.015760  0.0  0.031919   \n",
      "Hong Kong  0.030082  0.089186  0.028413   0.126686  0.018628  0.0  0.033442   \n",
      "Japan      0.015026  0.018894  0.015760   0.018628  0.034600  0.0  0.015371   \n",
      "R_f        0.000000  0.000000  0.000000   0.000000  0.000000  0.0  0.000000   \n",
      "UK         0.025532  0.036692  0.031919   0.033442  0.015371  0.0  0.050313   \n",
      "US         0.023383  0.027691  0.020438   0.021758  0.012009  0.0  0.020438   \n",
      "\n",
      "                 US  \n",
      "Canada     0.023383  \n",
      "China      0.027691  \n",
      "France     0.020438  \n",
      "Hong Kong  0.021758  \n",
      "Japan      0.012009  \n",
      "R_f        0.000000  \n",
      "UK         0.020438  \n",
      "US         0.024585  \n",
      "             Canada     China    France  Hong Kong     Japan  R_f        UK  \\\n",
      "Canada     0.040302  0.039357  0.025135   0.030082  0.015026  0.0  0.025532   \n",
      "China      0.039357  0.134714  0.033389   0.089186  0.018894  0.0  0.036692   \n",
      "France     0.025135  0.033389  0.053002   0.028413  0.015760  0.0  0.031919   \n",
      "Hong Kong  0.030082  0.089186  0.028413   0.126686  0.018628  0.0  0.033442   \n",
      "Japan      0.015026  0.018894  0.015760   0.018628  0.034600  0.0  0.015371   \n",
      "R_f        0.000000  0.000000  0.000000   0.000000  0.000000  0.0  0.000000   \n",
      "UK         0.025532  0.036692  0.031919   0.033442  0.015371  0.0  0.050313   \n",
      "US         0.023383  0.027691  0.020438   0.021758  0.012009  0.0  0.020438   \n",
      "\n",
      "                 US  \n",
      "Canada     0.023383  \n",
      "China      0.027691  \n",
      "France     0.020438  \n",
      "Hong Kong  0.021758  \n",
      "Japan      0.012009  \n",
      "R_f        0.000000  \n",
      "UK         0.020438  \n",
      "US         0.024585  \n",
      "             Canada     China    France  Hong Kong     Japan  R_f        UK  \\\n",
      "Canada     0.040302  0.039357  0.025135   0.030082  0.015026  0.0  0.025532   \n",
      "China      0.039357  0.134714  0.033389   0.089186  0.018894  0.0  0.036692   \n",
      "France     0.025135  0.033389  0.053002   0.028413  0.015760  0.0  0.031919   \n",
      "Hong Kong  0.030082  0.089186  0.028413   0.126686  0.018628  0.0  0.033442   \n",
      "Japan      0.015026  0.018894  0.015760   0.018628  0.034600  0.0  0.015371   \n",
      "R_f        0.000000  0.000000  0.000000   0.000000  0.000000  0.0  0.000000   \n",
      "UK         0.025532  0.036692  0.031919   0.033442  0.015371  0.0  0.050313   \n",
      "US         0.023383  0.027691  0.020438   0.021758  0.012009  0.0  0.020438   \n",
      "\n",
      "                 US  \n",
      "Canada     0.023383  \n",
      "China      0.027691  \n",
      "France     0.020438  \n",
      "Hong Kong  0.021758  \n",
      "Japan      0.012009  \n",
      "R_f        0.000000  \n",
      "UK         0.020438  \n",
      "US         0.024585  \n",
      "             Canada     China    France  Hong Kong     Japan  R_f        UK  \\\n",
      "Canada     0.040302  0.039357  0.025135   0.030082  0.015026  0.0  0.025532   \n",
      "China      0.039357  0.134714  0.033389   0.089186  0.018894  0.0  0.036692   \n",
      "France     0.025135  0.033389  0.053002   0.028413  0.015760  0.0  0.031919   \n",
      "Hong Kong  0.030082  0.089186  0.028413   0.126686  0.018628  0.0  0.033442   \n",
      "Japan      0.015026  0.018894  0.015760   0.018628  0.034600  0.0  0.015371   \n",
      "R_f        0.000000  0.000000  0.000000   0.000000  0.000000  0.0  0.000000   \n",
      "UK         0.025532  0.036692  0.031919   0.033442  0.015371  0.0  0.050313   \n",
      "US         0.023383  0.027691  0.020438   0.021758  0.012009  0.0  0.020438   \n",
      "\n",
      "                 US  \n",
      "Canada     0.023383  \n",
      "China      0.027691  \n",
      "France     0.020438  \n",
      "Hong Kong  0.021758  \n",
      "Japan      0.012009  \n",
      "R_f        0.000000  \n",
      "UK         0.020438  \n",
      "US         0.024585  \n",
      "             Canada     China    France  Hong Kong     Japan  R_f        UK  \\\n",
      "Canada     0.040302  0.039357  0.025135   0.030082  0.015026  0.0  0.025532   \n",
      "China      0.039357  0.134714  0.033389   0.089186  0.018894  0.0  0.036692   \n",
      "France     0.025135  0.033389  0.053002   0.028413  0.015760  0.0  0.031919   \n",
      "Hong Kong  0.030082  0.089186  0.028413   0.126686  0.018628  0.0  0.033442   \n",
      "Japan      0.015026  0.018894  0.015760   0.018628  0.034600  0.0  0.015371   \n",
      "R_f        0.000000  0.000000  0.000000   0.000000  0.000000  0.0  0.000000   \n",
      "UK         0.025532  0.036692  0.031919   0.033442  0.015371  0.0  0.050313   \n",
      "US         0.023383  0.027691  0.020438   0.021758  0.012009  0.0  0.020438   \n",
      "\n",
      "                 US  \n",
      "Canada     0.023383  \n",
      "China      0.027691  \n",
      "France     0.020438  \n",
      "Hong Kong  0.021758  \n",
      "Japan      0.012009  \n",
      "R_f        0.000000  \n",
      "UK         0.020438  \n",
      "US         0.024585  \n",
      "             Canada     China    France  Hong Kong     Japan  R_f        UK  \\\n",
      "Canada     0.040302  0.039357  0.025135   0.030082  0.015026  0.0  0.025532   \n",
      "China      0.039357  0.134714  0.033389   0.089186  0.018894  0.0  0.036692   \n",
      "France     0.025135  0.033389  0.053002   0.028413  0.015760  0.0  0.031919   \n",
      "Hong Kong  0.030082  0.089186  0.028413   0.126686  0.018628  0.0  0.033442   \n",
      "Japan      0.015026  0.018894  0.015760   0.018628  0.034600  0.0  0.015371   \n",
      "R_f        0.000000  0.000000  0.000000   0.000000  0.000000  0.0  0.000000   \n",
      "UK         0.025532  0.036692  0.031919   0.033442  0.015371  0.0  0.050313   \n",
      "US         0.023383  0.027691  0.020438   0.021758  0.012009  0.0  0.020438   \n",
      "\n",
      "                 US  \n",
      "Canada     0.023383  \n",
      "China      0.027691  \n",
      "France     0.020438  \n",
      "Hong Kong  0.021758  \n",
      "Japan      0.012009  \n",
      "R_f        0.000000  \n",
      "UK         0.020438  \n",
      "US         0.024585  \n",
      "             Canada     China    France  Hong Kong     Japan  R_f        UK  \\\n",
      "Canada     0.040302  0.039357  0.025135   0.030082  0.015026  0.0  0.025532   \n",
      "China      0.039357  0.134714  0.033389   0.089186  0.018894  0.0  0.036692   \n",
      "France     0.025135  0.033389  0.053002   0.028413  0.015760  0.0  0.031919   \n",
      "Hong Kong  0.030082  0.089186  0.028413   0.126686  0.018628  0.0  0.033442   \n",
      "Japan      0.015026  0.018894  0.015760   0.018628  0.034600  0.0  0.015371   \n",
      "R_f        0.000000  0.000000  0.000000   0.000000  0.000000  0.0  0.000000   \n",
      "UK         0.025532  0.036692  0.031919   0.033442  0.015371  0.0  0.050313   \n",
      "US         0.023383  0.027691  0.020438   0.021758  0.012009  0.0  0.020438   \n",
      "\n",
      "                 US  \n",
      "Canada     0.023383  \n",
      "China      0.027691  \n",
      "France     0.020438  \n",
      "Hong Kong  0.021758  \n",
      "Japan      0.012009  \n",
      "R_f        0.000000  \n",
      "UK         0.020438  \n",
      "US         0.024585  \n",
      "             Canada     China    France  Hong Kong     Japan  R_f        UK  \\\n",
      "Canada     0.040302  0.039357  0.025135   0.030082  0.015026  0.0  0.025532   \n",
      "China      0.039357  0.134714  0.033389   0.089186  0.018894  0.0  0.036692   \n",
      "France     0.025135  0.033389  0.053002   0.028413  0.015760  0.0  0.031919   \n",
      "Hong Kong  0.030082  0.089186  0.028413   0.126686  0.018628  0.0  0.033442   \n",
      "Japan      0.015026  0.018894  0.015760   0.018628  0.034600  0.0  0.015371   \n",
      "R_f        0.000000  0.000000  0.000000   0.000000  0.000000  0.0  0.000000   \n",
      "UK         0.025532  0.036692  0.031919   0.033442  0.015371  0.0  0.050313   \n",
      "US         0.023383  0.027691  0.020438   0.021758  0.012009  0.0  0.020438   \n",
      "\n",
      "                 US  \n",
      "Canada     0.023383  \n",
      "China      0.027691  \n",
      "France     0.020438  \n",
      "Hong Kong  0.021758  \n",
      "Japan      0.012009  \n",
      "R_f        0.000000  \n",
      "UK         0.020438  \n",
      "US         0.024585  \n",
      "             Canada     China    France  Hong Kong     Japan  R_f        UK  \\\n",
      "Canada     0.040302  0.039357  0.025135   0.030082  0.015026  0.0  0.025532   \n",
      "China      0.039357  0.134714  0.033389   0.089186  0.018894  0.0  0.036692   \n",
      "France     0.025135  0.033389  0.053002   0.028413  0.015760  0.0  0.031919   \n",
      "Hong Kong  0.030082  0.089186  0.028413   0.126686  0.018628  0.0  0.033442   \n",
      "Japan      0.015026  0.018894  0.015760   0.018628  0.034600  0.0  0.015371   \n",
      "R_f        0.000000  0.000000  0.000000   0.000000  0.000000  0.0  0.000000   \n",
      "UK         0.025532  0.036692  0.031919   0.033442  0.015371  0.0  0.050313   \n",
      "US         0.023383  0.027691  0.020438   0.021758  0.012009  0.0  0.020438   \n",
      "\n",
      "                 US  \n",
      "Canada     0.023383  \n",
      "China      0.027691  \n",
      "France     0.020438  \n",
      "Hong Kong  0.021758  \n",
      "Japan      0.012009  \n",
      "R_f        0.000000  \n",
      "UK         0.020438  \n",
      "US         0.024585  \n",
      "             Canada     China    France  Hong Kong     Japan  R_f        UK  \\\n",
      "Canada     0.040302  0.039357  0.025135   0.030082  0.015026  0.0  0.025532   \n",
      "China      0.039357  0.134714  0.033389   0.089186  0.018894  0.0  0.036692   \n",
      "France     0.025135  0.033389  0.053002   0.028413  0.015760  0.0  0.031919   \n",
      "Hong Kong  0.030082  0.089186  0.028413   0.126686  0.018628  0.0  0.033442   \n",
      "Japan      0.015026  0.018894  0.015760   0.018628  0.034600  0.0  0.015371   \n",
      "R_f        0.000000  0.000000  0.000000   0.000000  0.000000  0.0  0.000000   \n",
      "UK         0.025532  0.036692  0.031919   0.033442  0.015371  0.0  0.050313   \n",
      "US         0.023383  0.027691  0.020438   0.021758  0.012009  0.0  0.020438   \n",
      "\n",
      "                 US  \n",
      "Canada     0.023383  \n",
      "China      0.027691  \n",
      "France     0.020438  \n",
      "Hong Kong  0.021758  \n",
      "Japan      0.012009  \n",
      "R_f        0.000000  \n",
      "UK         0.020438  \n",
      "US         0.024585  \n",
      "             Canada     China    France  Hong Kong     Japan  R_f        UK  \\\n",
      "Canada     0.040302  0.039357  0.025135   0.030082  0.015026  0.0  0.025532   \n",
      "China      0.039357  0.134714  0.033389   0.089186  0.018894  0.0  0.036692   \n",
      "France     0.025135  0.033389  0.053002   0.028413  0.015760  0.0  0.031919   \n",
      "Hong Kong  0.030082  0.089186  0.028413   0.126686  0.018628  0.0  0.033442   \n",
      "Japan      0.015026  0.018894  0.015760   0.018628  0.034600  0.0  0.015371   \n",
      "R_f        0.000000  0.000000  0.000000   0.000000  0.000000  0.0  0.000000   \n",
      "UK         0.025532  0.036692  0.031919   0.033442  0.015371  0.0  0.050313   \n",
      "US         0.023383  0.027691  0.020438   0.021758  0.012009  0.0  0.020438   \n",
      "\n",
      "                 US  \n",
      "Canada     0.023383  \n",
      "China      0.027691  \n",
      "France     0.020438  \n",
      "Hong Kong  0.021758  \n",
      "Japan      0.012009  \n",
      "R_f        0.000000  \n",
      "UK         0.020438  \n",
      "US         0.024585  \n",
      "             Canada     China    France  Hong Kong     Japan  R_f        UK  \\\n",
      "Canada     0.040302  0.039357  0.025135   0.030082  0.015026  0.0  0.025532   \n",
      "China      0.039357  0.134714  0.033389   0.089186  0.018894  0.0  0.036692   \n",
      "France     0.025135  0.033389  0.053002   0.028413  0.015760  0.0  0.031919   \n",
      "Hong Kong  0.030082  0.089186  0.028413   0.126686  0.018628  0.0  0.033442   \n",
      "Japan      0.015026  0.018894  0.015760   0.018628  0.034600  0.0  0.015371   \n",
      "R_f        0.000000  0.000000  0.000000   0.000000  0.000000  0.0  0.000000   \n",
      "UK         0.025532  0.036692  0.031919   0.033442  0.015371  0.0  0.050313   \n",
      "US         0.023383  0.027691  0.020438   0.021758  0.012009  0.0  0.020438   \n",
      "\n",
      "                 US  \n",
      "Canada     0.023383  \n",
      "China      0.027691  \n",
      "France     0.020438  \n",
      "Hong Kong  0.021758  \n",
      "Japan      0.012009  \n",
      "R_f        0.000000  \n",
      "UK         0.020438  \n",
      "US         0.024585  \n",
      "             Canada     China    France  Hong Kong     Japan  R_f        UK  \\\n",
      "Canada     0.040302  0.039357  0.025135   0.030082  0.015026  0.0  0.025532   \n",
      "China      0.039357  0.134714  0.033389   0.089186  0.018894  0.0  0.036692   \n",
      "France     0.025135  0.033389  0.053002   0.028413  0.015760  0.0  0.031919   \n",
      "Hong Kong  0.030082  0.089186  0.028413   0.126686  0.018628  0.0  0.033442   \n",
      "Japan      0.015026  0.018894  0.015760   0.018628  0.034600  0.0  0.015371   \n",
      "R_f        0.000000  0.000000  0.000000   0.000000  0.000000  0.0  0.000000   \n",
      "UK         0.025532  0.036692  0.031919   0.033442  0.015371  0.0  0.050313   \n",
      "US         0.023383  0.027691  0.020438   0.021758  0.012009  0.0  0.020438   \n",
      "\n",
      "                 US  \n",
      "Canada     0.023383  \n",
      "China      0.027691  \n",
      "France     0.020438  \n",
      "Hong Kong  0.021758  \n",
      "Japan      0.012009  \n",
      "R_f        0.000000  \n",
      "UK         0.020438  \n",
      "US         0.024585  \n",
      "             Canada     China    France  Hong Kong     Japan  R_f        UK  \\\n",
      "Canada     0.040302  0.039357  0.025135   0.030082  0.015026  0.0  0.025532   \n",
      "China      0.039357  0.134714  0.033389   0.089186  0.018894  0.0  0.036692   \n",
      "France     0.025135  0.033389  0.053002   0.028413  0.015760  0.0  0.031919   \n",
      "Hong Kong  0.030082  0.089186  0.028413   0.126686  0.018628  0.0  0.033442   \n",
      "Japan      0.015026  0.018894  0.015760   0.018628  0.034600  0.0  0.015371   \n",
      "R_f        0.000000  0.000000  0.000000   0.000000  0.000000  0.0  0.000000   \n",
      "UK         0.025532  0.036692  0.031919   0.033442  0.015371  0.0  0.050313   \n",
      "US         0.023383  0.027691  0.020438   0.021758  0.012009  0.0  0.020438   \n",
      "\n",
      "                 US  \n",
      "Canada     0.023383  \n",
      "China      0.027691  \n",
      "France     0.020438  \n",
      "Hong Kong  0.021758  \n",
      "Japan      0.012009  \n",
      "R_f        0.000000  \n",
      "UK         0.020438  \n",
      "US         0.024585  \n",
      "             Canada     China    France  Hong Kong     Japan  R_f        UK  \\\n",
      "Canada     0.040302  0.039357  0.025135   0.030082  0.015026  0.0  0.025532   \n",
      "China      0.039357  0.134714  0.033389   0.089186  0.018894  0.0  0.036692   \n",
      "France     0.025135  0.033389  0.053002   0.028413  0.015760  0.0  0.031919   \n",
      "Hong Kong  0.030082  0.089186  0.028413   0.126686  0.018628  0.0  0.033442   \n",
      "Japan      0.015026  0.018894  0.015760   0.018628  0.034600  0.0  0.015371   \n",
      "R_f        0.000000  0.000000  0.000000   0.000000  0.000000  0.0  0.000000   \n",
      "UK         0.025532  0.036692  0.031919   0.033442  0.015371  0.0  0.050313   \n",
      "US         0.023383  0.027691  0.020438   0.021758  0.012009  0.0  0.020438   \n",
      "\n",
      "                 US  \n",
      "Canada     0.023383  \n",
      "China      0.027691  \n",
      "France     0.020438  \n",
      "Hong Kong  0.021758  \n",
      "Japan      0.012009  \n",
      "R_f        0.000000  \n",
      "UK         0.020438  \n",
      "US         0.024585  \n",
      "             Canada     China    France  Hong Kong     Japan  R_f        UK  \\\n",
      "Canada     0.040302  0.039357  0.025135   0.030082  0.015026  0.0  0.025532   \n",
      "China      0.039357  0.134714  0.033389   0.089186  0.018894  0.0  0.036692   \n",
      "France     0.025135  0.033389  0.053002   0.028413  0.015760  0.0  0.031919   \n",
      "Hong Kong  0.030082  0.089186  0.028413   0.126686  0.018628  0.0  0.033442   \n",
      "Japan      0.015026  0.018894  0.015760   0.018628  0.034600  0.0  0.015371   \n",
      "R_f        0.000000  0.000000  0.000000   0.000000  0.000000  0.0  0.000000   \n",
      "UK         0.025532  0.036692  0.031919   0.033442  0.015371  0.0  0.050313   \n",
      "US         0.023383  0.027691  0.020438   0.021758  0.012009  0.0  0.020438   \n",
      "\n",
      "                 US  \n",
      "Canada     0.023383  \n",
      "China      0.027691  \n",
      "France     0.020438  \n",
      "Hong Kong  0.021758  \n",
      "Japan      0.012009  \n",
      "R_f        0.000000  \n",
      "UK         0.020438  \n",
      "US         0.024585  \n",
      "             Canada     China    France  Hong Kong     Japan  R_f        UK  \\\n",
      "Canada     0.040302  0.039357  0.025135   0.030082  0.015026  0.0  0.025532   \n",
      "China      0.039357  0.134714  0.033389   0.089186  0.018894  0.0  0.036692   \n",
      "France     0.025135  0.033389  0.053002   0.028413  0.015760  0.0  0.031919   \n",
      "Hong Kong  0.030082  0.089186  0.028413   0.126686  0.018628  0.0  0.033442   \n",
      "Japan      0.015026  0.018894  0.015760   0.018628  0.034600  0.0  0.015371   \n",
      "R_f        0.000000  0.000000  0.000000   0.000000  0.000000  0.0  0.000000   \n",
      "UK         0.025532  0.036692  0.031919   0.033442  0.015371  0.0  0.050313   \n",
      "US         0.023383  0.027691  0.020438   0.021758  0.012009  0.0  0.020438   \n",
      "\n",
      "                 US  \n",
      "Canada     0.023383  \n",
      "China      0.027691  \n",
      "France     0.020438  \n",
      "Hong Kong  0.021758  \n",
      "Japan      0.012009  \n",
      "R_f        0.000000  \n",
      "UK         0.020438  \n",
      "US         0.024585  \n",
      "             Canada     China    France  Hong Kong     Japan  R_f        UK  \\\n",
      "Canada     0.040302  0.039357  0.025135   0.030082  0.015026  0.0  0.025532   \n",
      "China      0.039357  0.134714  0.033389   0.089186  0.018894  0.0  0.036692   \n",
      "France     0.025135  0.033389  0.053002   0.028413  0.015760  0.0  0.031919   \n",
      "Hong Kong  0.030082  0.089186  0.028413   0.126686  0.018628  0.0  0.033442   \n",
      "Japan      0.015026  0.018894  0.015760   0.018628  0.034600  0.0  0.015371   \n",
      "R_f        0.000000  0.000000  0.000000   0.000000  0.000000  0.0  0.000000   \n",
      "UK         0.025532  0.036692  0.031919   0.033442  0.015371  0.0  0.050313   \n",
      "US         0.023383  0.027691  0.020438   0.021758  0.012009  0.0  0.020438   \n",
      "\n",
      "                 US  \n",
      "Canada     0.023383  \n",
      "China      0.027691  \n",
      "France     0.020438  \n",
      "Hong Kong  0.021758  \n",
      "Japan      0.012009  \n",
      "R_f        0.000000  \n",
      "UK         0.020438  \n",
      "US         0.024585  \n",
      "             Canada     China    France  Hong Kong     Japan  R_f        UK  \\\n",
      "Canada     0.040302  0.039357  0.025135   0.030082  0.015026  0.0  0.025532   \n",
      "China      0.039357  0.134714  0.033389   0.089186  0.018894  0.0  0.036692   \n",
      "France     0.025135  0.033389  0.053002   0.028413  0.015760  0.0  0.031919   \n",
      "Hong Kong  0.030082  0.089186  0.028413   0.126686  0.018628  0.0  0.033442   \n",
      "Japan      0.015026  0.018894  0.015760   0.018628  0.034600  0.0  0.015371   \n",
      "R_f        0.000000  0.000000  0.000000   0.000000  0.000000  0.0  0.000000   \n",
      "UK         0.025532  0.036692  0.031919   0.033442  0.015371  0.0  0.050313   \n",
      "US         0.023383  0.027691  0.020438   0.021758  0.012009  0.0  0.020438   \n",
      "\n",
      "                 US  \n",
      "Canada     0.023383  \n",
      "China      0.027691  \n",
      "France     0.020438  \n",
      "Hong Kong  0.021758  \n",
      "Japan      0.012009  \n",
      "R_f        0.000000  \n",
      "UK         0.020438  \n",
      "US         0.024585  \n",
      "             Canada     China    France  Hong Kong     Japan  R_f        UK  \\\n",
      "Canada     0.040302  0.039357  0.025135   0.030082  0.015026  0.0  0.025532   \n",
      "China      0.039357  0.134714  0.033389   0.089186  0.018894  0.0  0.036692   \n",
      "France     0.025135  0.033389  0.053002   0.028413  0.015760  0.0  0.031919   \n",
      "Hong Kong  0.030082  0.089186  0.028413   0.126686  0.018628  0.0  0.033442   \n",
      "Japan      0.015026  0.018894  0.015760   0.018628  0.034600  0.0  0.015371   \n",
      "R_f        0.000000  0.000000  0.000000   0.000000  0.000000  0.0  0.000000   \n",
      "UK         0.025532  0.036692  0.031919   0.033442  0.015371  0.0  0.050313   \n",
      "US         0.023383  0.027691  0.020438   0.021758  0.012009  0.0  0.020438   \n",
      "\n",
      "                 US  \n",
      "Canada     0.023383  \n",
      "China      0.027691  \n",
      "France     0.020438  \n",
      "Hong Kong  0.021758  \n",
      "Japan      0.012009  \n",
      "R_f        0.000000  \n",
      "UK         0.020438  \n",
      "US         0.024585  \n",
      "             Canada     China    France  Hong Kong     Japan  R_f        UK  \\\n",
      "Canada     0.040302  0.039357  0.025135   0.030082  0.015026  0.0  0.025532   \n",
      "China      0.039357  0.134714  0.033389   0.089186  0.018894  0.0  0.036692   \n",
      "France     0.025135  0.033389  0.053002   0.028413  0.015760  0.0  0.031919   \n",
      "Hong Kong  0.030082  0.089186  0.028413   0.126686  0.018628  0.0  0.033442   \n",
      "Japan      0.015026  0.018894  0.015760   0.018628  0.034600  0.0  0.015371   \n",
      "R_f        0.000000  0.000000  0.000000   0.000000  0.000000  0.0  0.000000   \n",
      "UK         0.025532  0.036692  0.031919   0.033442  0.015371  0.0  0.050313   \n",
      "US         0.023383  0.027691  0.020438   0.021758  0.012009  0.0  0.020438   \n",
      "\n",
      "                 US  \n",
      "Canada     0.023383  \n",
      "China      0.027691  \n",
      "France     0.020438  \n",
      "Hong Kong  0.021758  \n",
      "Japan      0.012009  \n",
      "R_f        0.000000  \n",
      "UK         0.020438  \n",
      "US         0.024585  \n",
      "             Canada     China    France  Hong Kong     Japan  R_f        UK  \\\n",
      "Canada     0.040302  0.039357  0.025135   0.030082  0.015026  0.0  0.025532   \n",
      "China      0.039357  0.134714  0.033389   0.089186  0.018894  0.0  0.036692   \n",
      "France     0.025135  0.033389  0.053002   0.028413  0.015760  0.0  0.031919   \n",
      "Hong Kong  0.030082  0.089186  0.028413   0.126686  0.018628  0.0  0.033442   \n",
      "Japan      0.015026  0.018894  0.015760   0.018628  0.034600  0.0  0.015371   \n",
      "R_f        0.000000  0.000000  0.000000   0.000000  0.000000  0.0  0.000000   \n",
      "UK         0.025532  0.036692  0.031919   0.033442  0.015371  0.0  0.050313   \n",
      "US         0.023383  0.027691  0.020438   0.021758  0.012009  0.0  0.020438   \n",
      "\n",
      "                 US  \n",
      "Canada     0.023383  \n",
      "China      0.027691  \n",
      "France     0.020438  \n",
      "Hong Kong  0.021758  \n",
      "Japan      0.012009  \n",
      "R_f        0.000000  \n",
      "UK         0.020438  \n",
      "US         0.024585  \n",
      "             Canada     China    France  Hong Kong     Japan  R_f        UK  \\\n",
      "Canada     0.040302  0.039357  0.025135   0.030082  0.015026  0.0  0.025532   \n",
      "China      0.039357  0.134714  0.033389   0.089186  0.018894  0.0  0.036692   \n",
      "France     0.025135  0.033389  0.053002   0.028413  0.015760  0.0  0.031919   \n",
      "Hong Kong  0.030082  0.089186  0.028413   0.126686  0.018628  0.0  0.033442   \n",
      "Japan      0.015026  0.018894  0.015760   0.018628  0.034600  0.0  0.015371   \n",
      "R_f        0.000000  0.000000  0.000000   0.000000  0.000000  0.0  0.000000   \n",
      "UK         0.025532  0.036692  0.031919   0.033442  0.015371  0.0  0.050313   \n",
      "US         0.023383  0.027691  0.020438   0.021758  0.012009  0.0  0.020438   \n",
      "\n",
      "                 US  \n",
      "Canada     0.023383  \n",
      "China      0.027691  \n",
      "France     0.020438  \n",
      "Hong Kong  0.021758  \n",
      "Japan      0.012009  \n",
      "R_f        0.000000  \n",
      "UK         0.020438  \n",
      "US         0.024585  \n",
      "             Canada     China    France  Hong Kong     Japan  R_f        UK  \\\n",
      "Canada     0.040302  0.039357  0.025135   0.030082  0.015026  0.0  0.025532   \n",
      "China      0.039357  0.134714  0.033389   0.089186  0.018894  0.0  0.036692   \n",
      "France     0.025135  0.033389  0.053002   0.028413  0.015760  0.0  0.031919   \n",
      "Hong Kong  0.030082  0.089186  0.028413   0.126686  0.018628  0.0  0.033442   \n",
      "Japan      0.015026  0.018894  0.015760   0.018628  0.034600  0.0  0.015371   \n",
      "R_f        0.000000  0.000000  0.000000   0.000000  0.000000  0.0  0.000000   \n",
      "UK         0.025532  0.036692  0.031919   0.033442  0.015371  0.0  0.050313   \n",
      "US         0.023383  0.027691  0.020438   0.021758  0.012009  0.0  0.020438   \n",
      "\n",
      "                 US  \n",
      "Canada     0.023383  \n",
      "China      0.027691  \n",
      "France     0.020438  \n",
      "Hong Kong  0.021758  \n",
      "Japan      0.012009  \n",
      "R_f        0.000000  \n",
      "UK         0.020438  \n",
      "US         0.024585  \n",
      "             Canada     China    France  Hong Kong     Japan  R_f        UK  \\\n",
